10.2672335600907
10.8303401360544
11.2104081632653
11.4054421768707
11.9724036281179
12.3364399092971
12.5205442176871
13.0815646258503
13.4455328798186
13.9976870748299
14.5373696145125
14.7184353741497
15.2553968253968
15.6385714285714
16.3655782312925
16.7275736961451
17.4626984126984
18.0048752834467
18.3638548752834
19.0960770975057
19.6419274376417
20.0019954648526
20.1830612244898
20.7220181405896
21.1011111111111
21.2911564625850
21.8412244897959
22.2043310657596
22.7293197278912
23.4704761904762
23.8403854875283
24.3846031746032
24.5664625850340
25.4707256235828
26.5717460317460
27.0997959183674
27.6409297052154
27.8159410430839
28.3519727891156
28.8819954648526
29.4220181405896
29.9821768707483
30.5282766439909
31.0862358276644
31.6273469387755
32.1773469387755
32.7134920634921
33.2514512471655
33.7765532879819
34.3436507936508
34.8826530612245
35.4137868480726
35.9378004535147
36.4958956916100
37.0398866213152
37.5730385487528
38.0970975056689
38.6541043083900
39.2141269841270
39.7762811791383
40.9350113378685
45.0659637188209
45.6039002267574
45.9509297052154
46.1269614512472
46.6660090702948
47.0181859410431
47.1960997732426
47.7341043083900
48.0983219954649
48.6383446712018
49.1684126984127
49.3463718820862
49.8733333333333
50.2264625850340
50.9575736961451
51.3005668934240
52.0226530612245
52.5838095238095
52.9407029478458
53.6499546485261
54.1968707482993
54.5479818594104
54.7260090702948
55.2689569160998
55.6200680272109
55.7991836734694
56.3381405895692
56.6912244897959
57.2262585034014
57.9124489795918
58.2673015873016
58.8195238095238
59.0073922902494
59.9306575963719
60.9907029478458
61.5157596371882
62.0437868480726
62.2208163265306
62.7649433106576
63.2919954648526
63.8100453514739
64.3502040816327
64.8810884353742
65.4151700680272
65.9442403628118
66.4852607709751
67.0243764172336
67.5483900226757
68.0625396825397
68.6225623582766
69.1756009070295
69.6908390022676
70.2187074829932
70.7648299319728
71.3028571428572
71.8238775510204
72.3340589569161
72.8912018140590
73.4360770975057
73.9562358276644
75.0222902494331
75.5663945578231
76.0973469387755
76.6435600907030
77.1744671201814
77.7235600907030
78.2565759637188
78.7757369614512
79.2918367346939
79.8297505668934
80.3648752834467
80.8888662131519
81.4250113378685
81.9530158730159
82.8452154195011
83.3772562358277
84.1083219954649
84.6644217687075
85.2013832199547
85.7465079365079
86.2845124716553
86.8066213151927
87.3306122448980
87.8468027210884
88.3947165532880
88.9218367346939
89.4578684807256
89.9899546485261
90.5109750566894
91.0301133786848
91.5602040816327
92.0834013605442
92.6372335600907
92.9963038548753
93.1693650793651
93.7113605442177
94.0714965986395
94.2444444444444
94.7835600907030
95.1525396825397
95.6996825396825
96.2417233560091
96.4297732426304
96.9638321995465
97.3358276643991
98.0559410430839
98.4140589569161
99.1441496598639
99.6831519274376
100.046190476190
100.742380952381
101.299229024943
101.653333333333
101.829365079365
102.362335600907
102.724512471655
102.907460317460
103.457505668934
103.810498866213
104.342675736961
105.042743764172
105.399773242630
105.921836734694
106.095759637188
106.976031746032
108.041111111111
108.564172335601
109.096213151927
109.279229024943
109.807165532880
110.331315192744
110.848299319728
111.407460317460
111.945510204082
112.481632653061
112.990612244898
113.548639455782
114.071678004535
114.598798185941
115.099795918367
115.653900226757
116.202925170068
116.756009070295
117.303038548753
117.855170068027
118.396235827664
118.928299319728
119.435283446712
120.012403628118
120.565396825397
121.098526077098
122.156893424036
122.701655328798
123.228798185941
123.765782312925
124.310907029478
124.838911564626
125.373015873016
125.890045351474
126.412267573696
126.947392290249
127.479229024943
128.012312925170
128.546417233560
129.080430839002
129.956621315193
130.478662131519
131.183764172336
131.711768707483
132.259909297052
132.800997732426
133.335895691610
133.866145124717
134.409047619048
134.942131519274
135.484263038549
136.039183673469
136.567278911565
137.097346938776
137.622403628118
138.154512471655
138.690612244898
139.219591836735
139.760634920635
140.276689342404
140.791768707483
141.340793650794
141.879886621315
142.406893424036
142.926984126984
143.470022675737
144.012154195011
144.519206349206
145.027278911565
145.572312925170
146.146371882086
146.699455782313
147.237528344671
147.790521541950
148.342698412698
148.872653061225
149.383786848073
149.931746031746
150.476893424036
151.005895691610
151.533015873016
152.070090702948
152.596145124717
153.127120181406
153.656281179138
154.192335600907
154.722517006803
155.265374149660
155.783582766440
156.290566893424
156.828639455782
157.366643990930
157.889705215420
158.414761904762
158.936893424036
159.458911564626
159.981043083900
160.500612244898
