19.0976870748299
21.2909523809524
23.4712471655329
24.0242630385488
24.5665079365079
25.1134467120181
25.6475510204082
26.2025396825397
26.7476870748299
27.2786621315193
27.8168253968254
28.3637188208617
28.8808163265306
29.4228344671202
29.9780045351474
30.5269841269841
31.0801814058957
31.6271428571429
32.1772108843537
32.7132653061225
33.2503174603175
33.7733333333333
34.3434920634921
34.8814512471655
35.4135827664399
35.9375736961451
36.4967346938776
37.0387755102041
37.5718140589569
38.0968253968254
38.6529251700680
39.2079591836735
39.7750793650794
40.3690929705215
40.9342176870748
45.0656009070295
45.6017687074830
46.1257823129252
46.6667800453515
47.1939002267574
47.7339229024943
48.2780272108844
48.8101133786848
49.3451700680272
49.8731746031746
50.4033106575964
50.9562811791383
51.4725396825397
52.0214285714286
52.3945351473923
52.9345351473923
53.4706575963719
53.6496825396825
54.1918140589569
54.7247619047619
55.2648526077098
55.7960997732426
56.3320408163265
56.8669614512472
57.3952154195011
57.9111111111111
58.4421768707483
59.0042403628118
59.5713832199547
60.1104308390023
60.6385034013605
61.1644671201814
61.6887074829932
62.2195691609977
62.7577097505669
63.2887755102041
63.8108616780045
64.3498185941043
64.8810430839002
65.4140589569161
65.9450566893424
66.4860770975057
67.0242403628118
67.5471882086168
68.0623356009070
68.6203174603175
69.1754648526077
69.6894784580499
70.2175283446712
70.7656235827664
71.3016326530612
71.8217006802721
72.3327664399093
72.8898185941043
73.4338775510204
73.9550113378685
74.4970068027211
75.0190476190476
75.5652154195011
75.9181405895692
76.0962131519274
76.6421995464853
76.9953741496599
77.1742857142857
77.7203854875284
78.0784580498866
78.2552834467120
78.7734920634921
79.1135827664399
79.2865079365079
79.8265986394558
80.1806575963719
80.3575056689342
80.8867346938776
81.2418367346939
81.4196371882086
81.9519047619048
82.3089342403628
82.4858049886621
82.8439682539683
83.0240589569161
83.3760770975057
83.5538321995465
84.1061451247166
84.4782312925170
84.6631746031746
85.1982993197279
85.5632199546485
85.7443990929705
86.2823809523810
86.6304081632653
86.8051700680272
87.3274829931973
87.6674829931973
87.8395918367347
88.3925623582767
88.7406575963719
88.9155102040816
89.4556689342404
89.8077777777778
89.9835147392290
90.5088435374150
90.8548299319728
91.0286848072562
91.5589569160998
91.9060544217687
92.0807936507937
92.6350793650794
93.1651247165533
93.7082086167800
94.2422448979592
94.7813378684807
95.3384353741497
95.8755328798186
96.4235374149660
96.9626303854875
97.5177551020408
98.0538095238095
98.5897278911565
99.1418140589569
99.5018367346939
100.039954648526
100.565963718821
100.740022675737
101.296099773243
101.826122448980
102.359251700680
102.905260770975
103.454648526077
103.985804988662
104.507823129252
105.042925170068
105.568934240363
106.093968253968
106.628072562358
107.147120181406
107.686122448980
108.214240362812
108.737301587302
109.272448979592
109.805419501134
110.325487528345
110.846553287982
111.399637188209
111.942675736961
112.474716553288
112.989795918367
113.541859410431
114.069909297052
114.597029478458
115.099092970522
115.652108843537
116.202222222222
116.750226757370
117.301292517007
117.849365079365
118.394331065760
118.921473922902
119.434467120181
120.010566893424
120.565623582766
121.096712018141
121.632743764172
122.153945578231
122.699909297052
123.051904761905
123.227687074830
123.763786848073
124.129795918367
124.311927437642
124.837959183673
125.193922902494
125.373990929705
125.890997732426
126.233061224490
126.406099773243
126.946145124717
127.298253968254
127.475147392290
128.012290249433
128.364263038549
128.541473922903
129.078458049887
129.429410430839
129.606417233560
129.956530612245
130.132290249433
130.471519274376
130.644557823129
131.181632653061
131.534648526077
131.712857142857
132.259795918367
132.620793650794
132.800839002268
133.333809523810
133.686009070295
133.864965986395
134.409160997732
134.763968253968
134.939931972789
135.484149659864
135.850158730159
136.033151927438
136.564308390023
136.920272108844
137.096054421769
137.621292517007
137.976394557823
138.153287981859
138.688526077098
139.040476190476
139.218526077098
139.759727891156
140.276712018141
140.786734693878
141.340770975057
141.880793650794
142.406938775510
142.921927437642
143.469092970522
144.012040816327
144.519206349206
145.027142857143
145.571315192744
146.145260770975
146.699387755102
147.236371882086
147.790634920635
148.342562358277
148.871655328798
149.384671201814
149.930884353742
150.476825396825
151.005895691610
151.532879818594
152.071065759637
152.596009070295
153.127165532880
153.656190476191
154.193287981859
154.722267573696
155.265351473923
155.777437641723
156.291564625850
156.824512471655
157.364603174603
157.889614512472
158.413696145125
158.937777777778
159.458843537415
159.979909297052
160.500952380952
