19.6389795918367
20.7202040816327
21.8331065759637
22.9031746031746
24.0173922902494
25.1095238095238
26.1975736961451
27.2727437641723
28.3478684807256
29.4179818594104
30.5238775510204
31.6230612244898
32.7091609977324
33.7713378684807
34.8774376417234
35.9345578231293
37.0357596371882
38.0927891156463
39.2039229024943
40.3652154195011
40.9302267573696
45.5980725623583
46.6631746031746
47.7303174603175
48.8073696145125
49.8696145124717
50.9546258503401
52.0187981859410
53.1101133786848
54.1882086167800
55.2603628117914
56.3284580498866
57.3915192743764
58.4395464852608
59.5668253968254
60.6359183673469
61.6850793650794
62.7541269841270
63.8061451247166
64.8762585034014
65.9414058956916
67.0194331065760
68.0586848072562
69.1708616780045
70.2129251700680
71.2979365079365
72.3280952380952
73.4311791383220
74.4923356009070
75.5614285714286
76.6376190476191
77.7166893424036
78.7698412698413
79.8239909297052
80.8841496598640
81.9471882086168
83.0213151927438
84.1024716553288
85.1946938775510
86.2788208616780
87.3248979591837
88.3890476190476
89.4532426303855
90.5071428571429
91.5563265306122
92.6323809523810
93.7047392290249
94.7796371882086
95.8728117913832
96.9599319727891
98.0510884353742
99.1391156462585
100.217301587302
101.293356009070
102.357596371882
103.452789115646
104.504784580499
105.565850340136
106.625011337868
107.683083900227
108.734263038549
109.803378684807
110.843560090703
111.940680272109
112.986712018141
114.066870748299
115.096099773243
116.199160997732
117.299251700680
118.391360544218
119.432448979592
120.561609977324
121.629773242630
122.696916099773
123.759931972789
124.835079365079
125.887165532880
126.942335600907
128.008435374150
129.074603174603
130.127641723356
131.178049886621
132.256893424036
133.330136054422
134.405170068027
135.480385487528
136.561383219955
137.616575963719
138.684648526077
139.755804988662
140.782063492064
141.876213151927
142.916349206349
144.007460317460
145.022335600907
146.141768707483
147.231882086168
148.337800453515
149.380068027211
150.473038548753
151.529274376417
152.591405895692
153.652675736961
154.718730158730
155.774784580499
156.819931972789
157.886054421769
158.933990929705
159.976167800454
